$ANSIBLE_VAULT;1.1;AES256
38653863633332316438343430633365623561326636383063363361333032336430323762633365
3961613338353461643639353830646435326435643439620a333539373035363631323131383137
64613163363239633233666136376565306265666362643532383063376263383131363735656135
6533356234373833350a396365633361366337653964313566383666316534646366323934313830
63613531373465653339333935383266336461393763643530343332353433643431646231346361
61386539313465306438303765356536613836313436313266306235626262323134343532656166
66353533313933643733326232373332363130343036356363313231383034373561373032373731
63616233333533353764316563643031316166653130363965373361323762373434646431383133
62316564323766303530353762333530366331626435343431333662663739396432633137643638
30303633616562373936626538343637663761343338383961356237333365353632333530383262
61383364373631343561363563303432333038373537343233363563343233623137356166363964
63633664633365393934396566356333633232613939353231313866643438366533306130343865
34343936316130326134313733313862643139393263633166346166303339353135373162386136
37383432626364346263313930346139313565326265313530303839373031653133616565653165
33653061636535393133366533303664323735623234306532313538353532643533613834623732
33373564663231343563333131363838313534313530613165333339396265343866343466323638
61343062343235333830303561363337656436376462316464333937333066333831333730313964
61393736633164653236346166633338396536383765316634303733343335633734353065336635
39346436613835326337663337656161623037336265636531666666346366353736343733353865
38303432316162303334366337316531373364303236366661333631616463623337653166303133
31656139646230356634363163623837366633333538303836636434343736346331633932356639
32623364366239386563393966626131366461396265383438393639633639333961663761306339
65633438366363363033643063666434626631393836306166316236356561653437643265333338
37336338646465343530
