$ANSIBLE_VAULT;1.1;AES256
64323838646561326464343861336432316362343133373731666636396365316363366461366561
3666383638366132613262653665643962623661626464610a303835303365386530393439393730
66333336646239383931306131326436313864333365326366323436396333613639366166303963
6263663865653830660a373261396138623733666363663865656433323739336334316635383630
34333334346335626534373832346539343833376661643337626161346364366539633763633336
39613761303761386138396436346439366231343062653666333864646166396239623635666434
31393435366138626562343930653036626363363634366566373964346362303962353939316230
62376463336630323236323731663534623938316135653235633661396430636563643462636235
32633533323839613930383265656637316432303433633634303937303037393064656665316131
66356336643934366534303362366536343037393562343931393934323337633738646337306532
30616630363163636564353136643532363366376364323732633161613033656566376538666461
38623534643466363738306132323733316432303861313965303665393237333938333034303133
61306438313063316437323031396433363330613664353934353937613563656265383636646462
61306361346665663237343539343461303263613230343465366534356563346330326433333466
35643462363863656664616561313639346233363136636233323437323137643863643731306630
62326233346535623065323463316237663137383433316439323030326461353331323432383563
35626331323739343031356535366338393136653332313062326563633834613366316462666534
36616336343564363861303963363032316239633130653337636433343463333734333330393861
65613830346263336161376565336362383630356663383437323862393739366563626363623061
39373330623962613562346562316330363338356165373265343738393335353134653466646638
34663762616130363463336333373737306365346636343363316233396665613265646534343462
31386434356235336435373434346235356530623465616338363836343165306538636535626161
31663936363130306334393061303530343031393363393938323637623834653033393936353930
33356363303932366330
