$ANSIBLE_VAULT;1.1;AES256
36613938303931616632373034643662333031643365303132353138363564323530343162623363
6537373038613235393230646666343337333536323361610a373666336430643939303831306433
61633764323837663566653435306364313966616339313033366565633933353432306637643530
6437363662303236650a346664376538356564396538643932366332373439313161333537393266
39363732393966623465396634393730353834336565363635613233366363656338333363333935
33393239393939666165626630373838353238353632643461373638623530643137653238373431
30353935383663633534313163633664323265373262646631633863653566316363636234323063
30643163353338643066656639623835373237393663643165363564303561393331303638313135
66613532363664393235633961373162396165313163643837336663393164343062656639363562
32623933643930343035343838363362386661316462666666393234653537306632366431383865
36623030343232623130383766643630306333346336303732653437653361653134376565396236
37336565363135363835633762313966643964653638653538323239613739363737386132386235
30636334333037303636336261626638366464386562646433316635303366386632373234646638
63313463633639323935366630643530323263616432366337343834343832316630393438653836
62633934396136396464646632356539653463636330643837363865613066656634643062313366
34396436633635303164373863393433373861336632636230313534626336376663356262653133
32623631643165633233666433616166333937323164326132656561656136383533393331633561
37386663653462653233386333353066316263636361613836396631623534356236333538636466
36643430643434343233366230313734623065613836656363356434323462643136303634623163
31336531376534353764363734313638393233353330616138313738376233396336353062623464
33373830666232613537303066616461333234323235663166313332636235303534616162653439
32343933333136373039393234663436333737613338343239336462363739653239346634393339
38613030303238336463333335633966343461303839386431616536613231623463383536663635
64653135383534626132336638663564386338386562663162656536303332663037656134363561
32373533663761653635323661653038333439313134306439346632663663313330
