$ANSIBLE_VAULT;1.1;AES256
61336134336630363565366531643361326132643333373037653666333863613665323264383165
6261323366333361353537303730353836393931653263620a396133623261383663623435336331
37356336623663376136653864393538373630343935333035623064346339653639326166626330
6634636563326130330a373864383833383234336263623131326466326565623633663436303538
32396132323537633863393766376133643065616135323864363531626666356335343162633737
34643538633161653833313130616634373037343135653462323762346361663664623866663935
39373137353366633132393733383263326434343537393534393633646662666336393465356431
31656635646230633730303438623531313563323463373664383037343230323061386534653237
34316132343362383333393037346362663631643232613630316131373734663838656231623036
35646137656162663937393538633736653634666439376534383264663733323566613566373435
33666238303237623763313961613761613863636462333934313862643031343866353763363935
63343137386662303066633739376266316439613135356336343561353131633931333536336261
61636365383234633662303733653534353262376139616262623638316531636137643765356264
61643136663932326434333839383636366339646362656466376637623232633963666564316437
63636664646163306238303139666533646262316436336336626436313532373134646530376164
33353261643337356238363161366232326632636532343237376339373033303034303431313930
36366231323033623639386664663237666234633136323439346631346431663230333862343764
64646261336230383236613338346163613164666563303630643431303064656237616361616165
36376661386361346461616136643761633932386566396539653938343936636265616631373538
62393061326232316562383839623037323734303735646330666135353435653262643632366638
36353966613532663965303563613433646364316562636134393135343636623163356639643166
30666137383062396131623139386337383962303661323264373662623532373134336664343266
32663739366331316130616330393435626632376462303233643135373335303730396535346365
62363034383034323466316262633666653561366138326231656234366231313837336633393064
37373662643065323665653132323837653865363835326437333335633032376232
